0.000000000000000000e+00 2.236706495285034180e+00
1.000000000000000000e+00 2.236706495285034180e+00
2.000000000000000000e+00 2.236706495285034180e+00
3.000000000000000000e+00 2.236706495285034180e+00
4.000000000000000000e+00 2.236706495285034180e+00
5.000000000000000000e+00 2.236706495285034180e+00
6.000000000000000000e+00 2.236706495285034180e+00
7.000000000000000000e+00 2.236706495285034180e+00
8.000000000000000000e+00 2.236706495285034180e+00
9.000000000000000000e+00 2.236706495285034180e+00
1.000000000000000000e+01 2.236706495285034180e+00
1.100000000000000000e+01 2.236706495285034180e+00
1.200000000000000000e+01 2.236706495285034180e+00
1.300000000000000000e+01 2.236706495285034180e+00
1.400000000000000000e+01 2.236706495285034180e+00
1.500000000000000000e+01 2.236706495285034180e+00
1.600000000000000000e+01 2.236706495285034180e+00
1.700000000000000000e+01 2.236706495285034180e+00
1.800000000000000000e+01 2.236706495285034180e+00
1.900000000000000000e+01 2.236706495285034180e+00
2.000000000000000000e+01 2.236706495285034180e+00
2.100000000000000000e+01 2.236706495285034180e+00
2.200000000000000000e+01 2.236706495285034180e+00
2.300000000000000000e+01 2.236706495285034180e+00
2.400000000000000000e+01 2.236706495285034180e+00
2.500000000000000000e+01 2.236706495285034180e+00
2.600000000000000000e+01 2.236706495285034180e+00
2.700000000000000000e+01 2.236706495285034180e+00
2.800000000000000000e+01 2.236706495285034180e+00
2.900000000000000000e+01 2.236706495285034180e+00
3.000000000000000000e+01 2.236706495285034180e+00
3.100000000000000000e+01 2.236706495285034180e+00
3.200000000000000000e+01 2.236706495285034180e+00
3.300000000000000000e+01 2.236706495285034180e+00
3.400000000000000000e+01 2.236706495285034180e+00
3.500000000000000000e+01 2.236706495285034180e+00
3.600000000000000000e+01 2.236706495285034180e+00
3.700000000000000000e+01 2.236706495285034180e+00
3.800000000000000000e+01 2.236706495285034180e+00
3.900000000000000000e+01 2.236706495285034180e+00
4.000000000000000000e+01 2.236706495285034180e+00
4.100000000000000000e+01 2.236706495285034180e+00
4.200000000000000000e+01 2.236706495285034180e+00
4.300000000000000000e+01 2.236706495285034180e+00
4.400000000000000000e+01 2.236706495285034180e+00
4.500000000000000000e+01 2.236706495285034180e+00
4.600000000000000000e+01 2.236706495285034180e+00
4.700000000000000000e+01 2.236706495285034180e+00
4.800000000000000000e+01 2.236706495285034180e+00
4.900000000000000000e+01 2.236706495285034180e+00
5.000000000000000000e+01 2.236706495285034180e+00
5.100000000000000000e+01 2.236706495285034180e+00
5.200000000000000000e+01 2.236706495285034180e+00
5.300000000000000000e+01 2.236706495285034180e+00
5.400000000000000000e+01 2.236706495285034180e+00
5.500000000000000000e+01 2.236706495285034180e+00
5.600000000000000000e+01 2.236706495285034180e+00
5.700000000000000000e+01 2.236706495285034180e+00
5.800000000000000000e+01 1.621586608886718750e+01
5.900000000000000000e+01 2.116233825683593750e+01
6.000000000000000000e+01 2.101896095275878906e+01
6.100000000000000000e+01 1.985761642456054688e+01
6.200000000000000000e+01 2.088992500305175781e+01
6.300000000000000000e+01 2.166415405273437500e+01
6.400000000000000000e+01 2.192223167419433594e+01
6.500000000000000000e+01 2.382913208007812500e+01
6.600000000000000000e+01 2.956417083740234375e+01
6.700000000000000000e+01 3.280447006225585938e+01
6.800000000000000000e+01 3.260374450683593750e+01
6.900000000000000000e+01 2.619483566284179688e+01
7.000000000000000000e+01 2.359972953796386719e+01
7.100000000000000000e+01 2.071787261962890625e+01
7.200000000000000000e+01 2.414455795288085938e+01
7.300000000000000000e+01 3.091190528869628906e+01
7.400000000000000000e+01 4.097690200805664062e+01
7.500000000000000000e+01 4.117762374877929688e+01
7.600000000000000000e+01 3.446762847900390625e+01
7.700000000000000000e+01 3.244602584838867188e+01
7.800000000000000000e+01 3.284748077392578125e+01
7.900000000000000000e+01 3.293350601196289062e+01
8.000000000000000000e+01 3.279013442993164062e+01
8.100000000000000000e+01 3.246036529541015625e+01
8.200000000000000000e+01 3.147107124328613281e+01
8.300000000000000000e+01 3.051045227050781250e+01
8.400000000000000000e+01 3.154276084899902344e+01
8.500000000000000000e+01 3.099792861938476562e+01
8.600000000000000000e+01 2.947814559936523438e+01
8.700000000000000000e+01 2.810173416137695312e+01
8.800000000000000000e+01 2.841716384887695312e+01
8.900000000000000000e+01 2.716979408264160156e+01
9.000000000000000000e+01 2.732750511169433594e+01
9.100000000000000000e+01 2.622351074218750000e+01
9.200000000000000000e+01 2.757124519348144531e+01
9.300000000000000000e+01 2.781498336791992188e+01
9.400000000000000000e+01 2.758558273315429688e+01
9.500000000000000000e+01 2.708376693725585938e+01
9.600000000000000000e+01 1.287520408630371094e+01
9.700000000000000000e+01 1.287520408630371094e+01
9.800000000000000000e+01 2.838885545730590820e+00
9.900000000000000000e+01 -7.741891741752624512e-01
1.000000000000000000e+02 -8.143714904785156250e+00
1.010000000000000000e+02 -3.397969722747802734e+00
1.020000000000000000e+02 3.469740152359008789e+00
1.030000000000000000e+02 6.939439296722412109e+00
1.040000000000000000e+02 1.364943504333496094e+01
1.050000000000000000e+02 5.362303256988525391e+00
1.060000000000000000e+02 2.355671691894531250e+01
1.070000000000000000e+02 8.975378036499023438e+00
1.080000000000000000e+02 1.406522560119628906e+01
1.090000000000000000e+02 1.875362014770507812e+01
1.100000000000000000e+02 2.782932281494140625e+01
1.110000000000000000e+02 -1.154172611236572266e+01
1.120000000000000000e+02 2.724184989929199219e+00
1.130000000000000000e+02 6.107858180999755859e+00
1.140000000000000000e+02 4.301320552825927734e+00
1.150000000000000000e+02 1.261749863624572754e+00
1.160000000000000000e+02 4.702773571014404297e+00
1.170000000000000000e+02 -9.118672370910644531e+00
1.180000000000000000e+02 -8.588181495666503906e+00
1.190000000000000000e+02 8.502237319946289062e+00
1.200000000000000000e+02 -1.003220677375793457e-01
1.210000000000000000e+02 -4.200875759124755859e+00
1.220000000000000000e+02 -5.821023941040039062e+00
1.230000000000000000e+02 -1.009362888336181641e+01
1.240000000000000000e+02 -7.455510616302490234e+00
1.250000000000000000e+02 -4.544977664947509766e+00
1.260000000000000000e+02 -3.899785995483398438e+00
1.270000000000000000e+02 2.236706495285034180e+00
