0.000000000000000000e+00 2.236706495285034180e+00
1.000000000000000000e+00 2.236706495285034180e+00
2.000000000000000000e+00 2.236706495285034180e+00
3.000000000000000000e+00 2.236706495285034180e+00
4.000000000000000000e+00 2.236706495285034180e+00
5.000000000000000000e+00 2.236706495285034180e+00
6.000000000000000000e+00 2.236706495285034180e+00
7.000000000000000000e+00 2.236706495285034180e+00
8.000000000000000000e+00 2.236706495285034180e+00
9.000000000000000000e+00 2.236706495285034180e+00
1.000000000000000000e+01 2.236706495285034180e+00
1.100000000000000000e+01 2.236706495285034180e+00
1.200000000000000000e+01 2.236706495285034180e+00
1.300000000000000000e+01 2.236706495285034180e+00
1.400000000000000000e+01 2.236706495285034180e+00
1.500000000000000000e+01 2.236706495285034180e+00
1.600000000000000000e+01 2.236706495285034180e+00
1.700000000000000000e+01 2.236706495285034180e+00
1.800000000000000000e+01 2.236706495285034180e+00
1.900000000000000000e+01 2.236706495285034180e+00
2.000000000000000000e+01 2.236706495285034180e+00
2.100000000000000000e+01 2.236706495285034180e+00
2.200000000000000000e+01 2.236706495285034180e+00
2.300000000000000000e+01 2.236706495285034180e+00
2.400000000000000000e+01 2.236706495285034180e+00
2.500000000000000000e+01 2.236706495285034180e+00
2.600000000000000000e+01 2.236706495285034180e+00
2.700000000000000000e+01 2.236706495285034180e+00
2.800000000000000000e+01 2.236706495285034180e+00
2.900000000000000000e+01 2.236706495285034180e+00
3.000000000000000000e+01 2.236706495285034180e+00
3.100000000000000000e+01 2.236706495285034180e+00
3.200000000000000000e+01 2.236706495285034180e+00
3.300000000000000000e+01 2.236706495285034180e+00
3.400000000000000000e+01 2.236706495285034180e+00
3.500000000000000000e+01 2.236706495285034180e+00
3.600000000000000000e+01 2.236706495285034180e+00
3.700000000000000000e+01 2.236706495285034180e+00
3.800000000000000000e+01 2.236706495285034180e+00
3.900000000000000000e+01 2.236706495285034180e+00
4.000000000000000000e+01 2.236706495285034180e+00
4.100000000000000000e+01 2.236706495285034180e+00
4.200000000000000000e+01 2.236706495285034180e+00
4.300000000000000000e+01 2.236706495285034180e+00
4.400000000000000000e+01 2.236706495285034180e+00
4.500000000000000000e+01 2.236706495285034180e+00
4.600000000000000000e+01 2.236706495285034180e+00
4.700000000000000000e+01 2.236706495285034180e+00
4.800000000000000000e+01 2.236706495285034180e+00
4.900000000000000000e+01 2.236706495285034180e+00
5.000000000000000000e+01 2.236706495285034180e+00
5.100000000000000000e+01 2.236706495285034180e+00
5.200000000000000000e+01 2.236706495285034180e+00
5.300000000000000000e+01 2.236706495285034180e+00
5.400000000000000000e+01 2.236706495285034180e+00
5.500000000000000000e+01 2.236706495285034180e+00
5.600000000000000000e+01 2.236706495285034180e+00
5.700000000000000000e+01 -2.093248128890991211e+00
5.800000000000000000e+01 -3.283269166946411133e+00
5.900000000000000000e+01 5.677730083465576172e+00
6.000000000000000000e+01 9.520206451416015625e+00
6.100000000000000000e+01 1.251676464080810547e+01
6.200000000000000000e+01 1.233037662506103516e+01
6.300000000000000000e+01 1.287520408630371094e+01
6.400000000000000000e+01 1.400787544250488281e+01
6.500000000000000000e+01 1.400787544250488281e+01
6.600000000000000000e+01 1.554199981689453125e+01
6.700000000000000000e+01 1.719082260131835938e+01
6.800000000000000000e+01 1.590043926239013672e+01
6.900000000000000000e+01 1.450969123840332031e+01
7.000000000000000000e+01 1.162783432006835938e+01
7.100000000000000000e+01 1.594345283508300781e+01
7.200000000000000000e+01 1.720516014099121094e+01
7.300000000000000000e+01 2.246706008911132812e+01
7.400000000000000000e+01 3.316291046142578125e+01
7.500000000000000000e+01 3.386545181274414062e+01
7.600000000000000000e+01 3.079720497131347656e+01
7.700000000000000000e+01 2.810173416137695312e+01
7.800000000000000000e+01 2.620917320251464844e+01
7.900000000000000000e+01 2.489011192321777344e+01
8.000000000000000000e+01 2.314092636108398438e+01
8.100000000000000000e+01 2.242404937744140625e+01
8.200000000000000000e+01 2.286851310729980469e+01
8.300000000000000000e+01 2.461770057678222656e+01
8.400000000000000000e+01 2.435962295532226562e+01
8.500000000000000000e+01 2.387214469909667969e+01
8.600000000000000000e+01 2.219464492797851562e+01
8.700000000000000000e+01 2.368575668334960938e+01
8.800000000000000000e+01 2.132005119323730469e+01
8.900000000000000000e+01 1.713347434997558594e+01
9.000000000000000000e+01 1.417992687225341797e+01
9.100000000000000000e+01 1.283219242095947266e+01
9.200000000000000000e+01 8.287173271179199219e+00
9.300000000000000000e+01 4.172282218933105469e+00
9.400000000000000000e+01 2.308394670486450195e+00
9.500000000000000000e+01 -2.222286701202392578e+00
9.600000000000000000e+01 -1.347693204879760742e+00
9.700000000000000000e+01 -2.078910827636718750e+00
9.800000000000000000e+01 3.254676103591918945e+00
9.900000000000000000e+01 -1.691795706748962402e+00
1.000000000000000000e+02 -9.892531633377075195e-01
1.010000000000000000e+02 2.165018796920776367e+00
1.020000000000000000e+02 8.344523429870605469e+00
1.030000000000000000e+02 6.380272865295410156e+00
1.040000000000000000e+02 6.193883895874023438e+00
1.050000000000000000e+02 8.903690338134765625e+00
1.060000000000000000e+02 1.019407367706298828e+01
1.070000000000000000e+02 1.050950050354003906e+01
1.080000000000000000e+02 2.906235313415527344e+01
1.090000000000000000e+02 -1.528383827209472656e+01
1.100000000000000000e+02 2.251044273376464844e+00
1.110000000000000000e+02 2.824548006057739258e+00
1.120000000000000000e+02 3.068287372589111328e+00
1.130000000000000000e+02 4.301320552825927734e+00
1.140000000000000000e+02 3.641791105270385742e+00
1.150000000000000000e+02 1.691877722740173340e+00
1.160000000000000000e+02 8.459594845771789551e-01
1.170000000000000000e+02 -1.978547573089599609e+00
1.180000000000000000e+02 -1.232992410659790039e+00
1.190000000000000000e+02 -4.932093143463134766e+00
1.200000000000000000e+02 4.788799285888671875e+00
1.210000000000000000e+02 -4.458951950073242188e+00
1.220000000000000000e+02 -4.731366634368896484e+00
1.230000000000000000e+02 -3.928461074829101562e+00
1.240000000000000000e+02 -5.878375053405761719e+00
1.250000000000000000e+02 -2.193611383438110352e+00
1.260000000000000000e+02 -5.677648544311523438e+00
1.270000000000000000e+02 2.236706495285034180e+00
