0.000000000000000000e+00 2.236706495285034180e+00
1.000000000000000000e+00 2.236706495285034180e+00
2.000000000000000000e+00 2.236706495285034180e+00
3.000000000000000000e+00 2.236706495285034180e+00
4.000000000000000000e+00 2.236706495285034180e+00
5.000000000000000000e+00 2.236706495285034180e+00
6.000000000000000000e+00 2.236706495285034180e+00
7.000000000000000000e+00 2.236706495285034180e+00
8.000000000000000000e+00 2.236706495285034180e+00
9.000000000000000000e+00 2.236706495285034180e+00
1.000000000000000000e+01 2.236706495285034180e+00
1.100000000000000000e+01 2.236706495285034180e+00
1.200000000000000000e+01 2.236706495285034180e+00
1.300000000000000000e+01 2.236706495285034180e+00
1.400000000000000000e+01 2.236706495285034180e+00
1.500000000000000000e+01 2.236706495285034180e+00
1.600000000000000000e+01 2.236706495285034180e+00
1.700000000000000000e+01 2.236706495285034180e+00
1.800000000000000000e+01 2.236706495285034180e+00
1.900000000000000000e+01 2.236706495285034180e+00
2.000000000000000000e+01 2.236706495285034180e+00
2.100000000000000000e+01 2.236706495285034180e+00
2.200000000000000000e+01 2.236706495285034180e+00
2.300000000000000000e+01 2.236706495285034180e+00
2.400000000000000000e+01 2.236706495285034180e+00
2.500000000000000000e+01 2.236706495285034180e+00
2.600000000000000000e+01 2.236706495285034180e+00
2.700000000000000000e+01 2.236706495285034180e+00
2.800000000000000000e+01 2.236706495285034180e+00
2.900000000000000000e+01 2.236706495285034180e+00
3.000000000000000000e+01 2.236706495285034180e+00
3.100000000000000000e+01 2.236706495285034180e+00
3.200000000000000000e+01 2.236706495285034180e+00
3.300000000000000000e+01 2.236706495285034180e+00
3.400000000000000000e+01 2.236706495285034180e+00
3.500000000000000000e+01 2.236706495285034180e+00
3.600000000000000000e+01 2.236706495285034180e+00
3.700000000000000000e+01 2.236706495285034180e+00
3.800000000000000000e+01 2.236706495285034180e+00
3.900000000000000000e+01 2.236706495285034180e+00
4.000000000000000000e+01 2.236706495285034180e+00
4.100000000000000000e+01 2.236706495285034180e+00
4.200000000000000000e+01 2.236706495285034180e+00
4.300000000000000000e+01 2.236706495285034180e+00
4.400000000000000000e+01 2.236706495285034180e+00
4.500000000000000000e+01 2.236706495285034180e+00
4.600000000000000000e+01 2.236706495285034180e+00
4.700000000000000000e+01 2.236706495285034180e+00
4.800000000000000000e+01 2.236706495285034180e+00
4.900000000000000000e+01 2.236706495285034180e+00
5.000000000000000000e+01 2.236706495285034180e+00
5.100000000000000000e+01 2.236706495285034180e+00
5.200000000000000000e+01 2.236706495285034180e+00
5.300000000000000000e+01 2.236706495285034180e+00
5.400000000000000000e+01 2.236706495285034180e+00
5.500000000000000000e+01 2.236706495285034180e+00
5.600000000000000000e+01 2.236706495285034180e+00
5.700000000000000000e+01 2.236706495285034180e+00
5.800000000000000000e+01 2.236706495285034180e+00
5.900000000000000000e+01 7.984613037109375000e+01
6.000000000000000000e+01 7.378132629394531250e+01
6.100000000000000000e+01 7.049801635742187500e+01
6.200000000000000000e+01 6.784555816650390625e+01
6.300000000000000000e+01 6.525045013427734375e+01
6.400000000000000000e+01 6.500671386718750000e+01
6.500000000000000000e+01 6.348692703247070312e+01
6.600000000000000000e+01 6.373066711425781250e+01
6.700000000000000000e+01 6.036133193969726562e+01
6.800000000000000000e+01 5.573028945922851562e+01
6.900000000000000000e+01 5.366567611694335938e+01
7.000000000000000000e+01 5.707802200317382812e+01
7.100000000000000000e+01 6.064808654785156250e+01
7.200000000000000000e+01 5.872684478759765625e+01
7.300000000000000000e+01 5.876985931396484375e+01
7.400000000000000000e+01 5.960144042968750000e+01
7.500000000000000000e+01 5.876985931396484375e+01
7.600000000000000000e+01 5.517112350463867188e+01
7.700000000000000000e+01 5.042538070678710938e+01
7.800000000000000000e+01 3.889794921875000000e+01
7.900000000000000000e+01 3.790865707397460938e+01
8.000000000000000000e+01 3.580102539062500000e+01
8.100000000000000000e+01 3.383677673339843750e+01
8.200000000000000000e+01 3.527053451538085938e+01
8.300000000000000000e+01 3.739249801635742188e+01
8.400000000000000000e+01 3.478305816650390625e+01
8.500000000000000000e+01 3.545692443847656250e+01
8.600000000000000000e+01 3.233132934570312500e+01
8.700000000000000000e+01 3.104094505310058594e+01
8.800000000000000000e+01 2.896199035644531250e+01
8.900000000000000000e+01 2.797270011901855469e+01
9.000000000000000000e+01 2.715545463562011719e+01
9.100000000000000000e+01 2.745654296875000000e+01
9.200000000000000000e+01 2.986525917053222656e+01
9.300000000000000000e+01 2.880427932739257812e+01
9.400000000000000000e+01 2.661062622070312500e+01
9.500000000000000000e+01 2.613748359680175781e+01
9.600000000000000000e+01 1.479644393920898438e+01
9.700000000000000000e+01 1.820879364013671875e+01
9.800000000000000000e+01 7.025834918022155762e-01
9.900000000000000000e+01 -8.201066017150878906e+00
1.000000000000000000e+02 -3.354957342147827148e+00
1.010000000000000000e+02 -1.978547573089599609e+00
1.020000000000000000e+02 -2.193611383438110352e+00
1.030000000000000000e+02 1.104036211967468262e+00
1.040000000000000000e+02 -6.437541007995605469e+00
1.050000000000000000e+02 1.720923334360122681e-01
1.060000000000000000e+02 -6.308502197265625000e+00
1.070000000000000000e+02 -5.778011322021484375e+00
1.080000000000000000e+02 -6.882005691528320312e+00
1.090000000000000000e+02 -2.242396354675292969e+01
1.100000000000000000e+02 -1.810834503173828125e+01
1.110000000000000000e+02 -1.644518470764160156e+01
1.120000000000000000e+02 -2.423012971878051758e+00
1.130000000000000000e+02 -1.812268447875976562e+01
1.140000000000000000e+02 7.928733825683593750e+00
1.150000000000000000e+02 1.658864402770996094e+01
1.160000000000000000e+02 -4.000149250030517578e+00
1.170000000000000000e+02 1.136975669860839844e+01
1.180000000000000000e+02 -4.057498931884765625e+00
1.190000000000000000e+02 -5.390896320343017578e+00
1.200000000000000000e+02 -7.799612998962402344e+00
1.210000000000000000e+02 4.158315360546112061e-01
1.220000000000000000e+02 -3.928461074829101562e+00
1.230000000000000000e+02 -5.548609256744384766e+00
1.240000000000000000e+02 -5.218844890594482422e+00
1.250000000000000000e+02 -7.699249267578125000e+00
1.260000000000000000e+02 -6.007412910461425781e+00
1.270000000000000000e+02 2.236706495285034180e+00
